num net 24
A0 vdd
14790 21910
13345 27905
20325 34850
19365 34850
14790 22470
14790 23680
A1 dumy12
5125 17595
7665 8425
7065 3595
A2 dumy13
8725 18715
9885 8035
9855 3595
A3 VINP
15475 14695
19665 20872
A4 VINN
14825 14025
18765 20302
A5 dumy8
8725 18155
9445 34780
A6 vss
18455 15062
13305 5300
12985 7600
6315 5300
7965 5300
18455 14502
18455 12505
A7 dumy3
18565 19707
10125 31830
12655 34365
A8 dumy2
20365 19707
13235 29195
16665 34365
A9 dumy9
19465 15777
19875 5560
A11 PDA
2975 24240
12695 10460
A12 n1
4425 24835
14275 10020
2105 11495
A13 dumy11
12405 7300
12605 6155
1640 1315
A14 n144__mid2
14575 7300
14205 5250
A15 VBP
16165 11230
20325 26925
20635 29535
12935 28475
A16 n161__mid
16765 7300
15195 5200
A17 dumy4
17755 11230
7015 32415
7015 33595
A18 n186__mid
18355 7300
18885 5045
A19 n236__mid
21035 28390
20435 30500
A20 dumy7
5215 32625
5125 34365
A22 VBN
6435 34365
4115 9265
3815 6705
4515 6130
7365 6705
A23 dumy5
8325 28695
8265 11230
A24 VOUT
11435 28695
10455 10870
A25 n491__mid
3515 7300
2915 5210
A26
8265 6330
8265 7300
